98526
55266
51544
25189
55726
97125
55758
11572
22527
71515
85813
64529
90898
48190
29075
3651
69638
57175
72584
51850
59851
3875
95324
51045
9606
58306
79923
1286
67032
66412
33390
23534
81357
27219
74307
6759
64540
68636
20888
52515
17498
16375
6865
2523
33011
72431
41873
82758
83748
88034
39160
29686
76459
97243
48305
52916
22412
76160
92652
41026
58663
76503
5098
91778
11509
49434
41872
69266
28425
72387
59340
14495
78572
83277
25054
3616
69
84652
78326
30390
57416
5563
8018
17007
88891
19656
5500
97523
22475
66349
78343
80840
70664
83101
96562
12697
1711
92449
86994
86047
27770
84028
62161
92122
83294
71182
39995
94477
11072
87167
67176
39514
75289
5761
58478
37998
19054
98512
13085
64992
75775
75291
48775
58270
24403
15745
39159
31045
33213
71623
15507
82221
2905
9249
67051
10673
98182
20490
29902
62532
56767
98151
31980
20752
73360
40742
26480
70442
15995
48725
63288
91282
4386
65471
23102
59492
19974
36800
24680
32939
24877
6927
1421
6650
20229
50422
29690
27144
43192
89147
53806
45474
34044
29246
75101
92867
88077
19544
10581
14963
27972
59200
71721
43078
4199
171
23313
15222
24534
90044
78873
3442
20354
65034
60086
5994
7803
5525
13641
61624
17623
75783
29130
80760
22257
43925
68645
28767
71687
48947
47408
38599
20628
74143
27627
7258
82438
68543
24109
8760
29578
88177
19748
7054
81052
65213
19724
9659
20788
90608
35510
46936
28609
64056
76645
82297
23358
27583
34334
76421
36165
16219
34899
39865
58970
47355
61852
21257
60691
73194
16815
92653
52238
72949
73309
38081
92366
16240
94794
19028
83643
70409
97390
67515
53988
63707
98016
86123
97371
99767
44212
31531
10444
3272
59031
76281
10315
31874
44950
51672
66735
56272
40732
98574
48000
15442
95818
35543
54657
44562
11791
56425
32654
61909
32078
53904
73437
39478
76671
21160
30868
75337
76149
75378
38673
43622
32177
91867
17739
56535
69563
98154
21886
266
13571
8025
6012
86450
48199
56964
80795
79071
23486
22586
73415
21408
46372
96809
56572
38861
16213
36934
2191
16801
32459
27508
16118
19050
31725
30535
27608
1022
66371
85603
60102
51671
1874
16700
97132
3341
15438
36576
65424
93699
61560
24478
33149
6508
6485
37430
55303
15518
23489
89767
58020
21866
22437
25357
81843
88577
13770
87754
36588
5481
567
26176
65716
82792
11211
58578
19204
83895
72742
44241
89763
49174
25160
43569
7853
43561
69243
97726
86096
82764
5763
84836
45584
70514
44506
4861
66526
49854
9547
81736
73052
68771
81887
26941
92562
70143
68980
34915
51343
79789
63531
89102
31211
68148
44319
5494
31297
28201
64904
50809
86057
37534
24795
8250
12687
39108
99455
35691
67506
92520
18133
1441
4173
34598
20594
44057
66924
754
91992
29851
80581
61500
89679
34929
2728
64257
87931
12337
90819
44794
54345
5714
67338
53462
10454
11519
46622
76166
86114
46866
25993
97489
31066
55373
5286
47903
62078
71834
62281
9974
71286
34545
57215
29880
77233
11975
97855
66128
13397
69431
51318
32843
91984
53436
42880
84627
36662
89069
51881
42603
6021
6576
30161
70947
14496
97209
92604
19527
6291
61756
18970
58549
98363
68742
97569
91707
74952
59093
60869
58896
52896
38968
62029
54698
70458
31368
64550
42789
97033
32364
40107
21101
11198
49636
38193
66739
13473
42799
94416
56322
79201
14204
87778
69968
77275
31706
18391
85040
94243
68020
65088
32641
23471
98663
63504
99214
91112
60493
65490
78607
85366
55425
31216
11873
46586
17912
17088
47361
37797
48237
37972
24620
61342
94381
37275
32053
54414
31446
52604
35757
10576
46665
20600
64256
45035
73767
64853
66038
93690
62562
77215
83604
46272
51705
27043
85414
98564
53265
89300
12827
50268
91240
44996
49891
99931
61150
15578
16523
44807
26383
31256
43873
25225
81146
94540
24340
90620
20443
88289
11705
38295
2510
85614
13844
38904
15159
56410
17871
69709
56175
37131
80483
70524
80546
48054
39062
58701
80896
3184
84032
18518
4791
12374
71185
86228
29143
7917
73093
4574
33249
79211
94840
83172
81348
89026
66131
80079
54754
39728
96534
18602
70657
84475
88743
99106
13600
48369
95156
53553
48472
37500
50636
74312
98578
19623
16241
50960
90974
7368
87298
9386
66934
44362
39970
54216
93217
37085
24036
35574
30042
8501
11592
94474
66252
38281
1551
54174
76660
21379
92737
76597
54024
22042
67121
25042
91769
92881
34465
9343
47458
59654
83389
65655
23838
67170
49516
13302
22110
98851
11830
7634
14479
12708
84132
77003
1431
4440
1848
23547
57643
15460
22229
88687
34729
72958
37936
8523
66200
88791
70628
45245
81565
8558
89660
87893
90496
24975
25133
50807
68271
22629
5640
57818
278
44771
905
81243
93888
28860
6515
1972
85097
76701
81197
29341
14567
69186
87919
97000
38461
34742
8807
92664
7055
98279
2609
24433
11316
22924
75145
40986
36195
35774
760
86191
74029
80359
24328
75240
93985
23934
60522
34381
44858
36898
32094
21599
4194
26585
91360
67154
55106
25784
66662
84842
98376
62769
9497
42238
25716
87014
65890
26247
92459
53452
60050
23668
91949
93486
60882
47786
51643
56934
27790
35633
68038
71796
47687
38264
61482
34396
32711
46015
75445
84160
41993
21107
88204
73543
16908
43842
38370
78287
59373
30045
78685
51581
65497
54347
65984
33597
25888
6632
20374
32909
84632
7565
8979
26533
96215
69963
54506
55763
39083
33548
66466
5425
52431
63939
74887
20327
33229
86195
4844
12902
8638
76272
49043
79243
5932
45767
617
15
94810
31376
13194
28426
72636
21630
54249
7183
19653
85965
49420
14914
13500
5598
15684
54795
3955
2233
62661
8619
71125
57824
27001
5352
6474
94667
92713
41957
3218
96734
41040
63188
68732
20779
30197
61213
28992
51268
2425
83099
40543
12233
8762
68115
27278
33156
97160
5410
17003
35768
94306
28307
97872
15324
44046
27528
81285
45026
35881
93808
45865
78557
42444
7578
27964
49064
60901
95799
76150
35500
96719
27682
18868
75810
51723
25312
6674
42283
35782
78515
39789
58793
96936
97673
70904
58356
19689
98634
13046
46878
49692
98760
90239
34965
7865
36006
82620
74313
18895
65560
14764
77524
11959
74637
43246
69848
94370
8879
48009
24181
68201
30205
78434
784
37305
66744
38622
63039
13511
59594
26832
86562
34409
89321
45615
66679
61353
46405
7772
75951
64216
62269
40607
96640
24693
13351
6295
37689
74629
5261
55645
80053
28508
72272
14794
54161
88501
96944
6182
9977
80367
77032
74621
6797
35065
88250
94906
4433
75358
97727
30192
17723
14247
76667
29761
10207
84959
70070
76094
22274
96252
45197
31005
43506
19867
7245
88856
78982
18384
90833
74715
82415
87497
65011
82451
91774
20790
27518
3537
71861
34206
20797
6873
76999
46392
70308
29247
82837
70321
58456
59015
28479
6991
91987
20097
85006
57904
88538
2430
54012
10118
50433
12698
40165
7730
12356
25648
30466
98319
25002
70933
38912
63405
76681
78651
68140
78632
93205
26535
35517
52075
55989
3905
45290
4759
67070
97748
13992
21932
86218
75038
75
41417
22851
8647
96128
2786
37447
15893
73117
85807
53936
13035
39957
13690
43462
63691
40084
66713
83701
59189
26519
42162
34010
28980
84859
56364
81478
73213
27299
16168
63961
63952
22916
49431
54340
71198
21187
5031
36043
85535
21161
24115
67823
70504
43509
51408
15281
64145
23574
63067
55063
62811
17439
74190
46320
3582
26036
53689
69584
62218
93312
56109
16068
32990
61512
50519
44064
44398
14024
86392
72082
54912
2162
60098
62415
750
46997
95846
61582
5529
63834
10172
1168
64883
61827
17113
91639
53258
42890
3679
63621
90295
20954
63017
35094
8937
58184
19087
84798
76601
72703
25807
60656
78188
94054
86409
63785
93952
49785
58629
76208
87449
54600
19430
79915
66377
21995
17784
13141
5895
51658
31719
70795
61848
36516
9255
38775
63078
46529
49252
24691
66796
79780
53113
957
24380
42662
37775
40427
93601
69443
99889
93028
80005
4127
74572
21489
30886
24655
50202
18120
32568
2918
63638
18945
5747
94438
82379
84651
5853
99712
53607
19953
85956
93924
70106
56393
52037
57334
75432
69572
96438
6939
60725
87984
19299
38030
47091
80343
46414
24736
74186
68801
34580
14755
56028
45198
17574
34964
27127
25066
41235
13873
46315
73002
3765
1379
87803
80244
3403
25591
87136
91600
23741
56345
6514
30023
47778
82043
1002
49658
65833
65396
91768
48576
52728
4280
22426
24402
61440
28506
8340
31671
7723
77166
65631
38781
78306
59011
8927
96763
21685
94451
16704
94052
53575
6155
86788
68558
55620
97134
18684
27125
36476
86443
81866
89284
12073
40281
91518
34191
83053
66921
6944
70620
91636
68793
56815
21692
6700
51499
41463
55056
71167
38601
23453
65126
14199
71836
5306
82941
48191
32895
72042
8616
88428
22884
56331
92394
23611
5174
13721
18815
19343
3021
8333
72226
8850
75887
79818
37941
53976
42026
76543
52561
99423
31101
142
19315
29309
90591
56593
85881
95142
83005
53206
62612
40205
91279
27645
78360
80743
38325
32344
73711
12514
5147
6124
11311
88788
5456
52718
28037
12551
68378
98998
99034
68911
97395
12
93040
16109
29869
65420
31199
63728
45527
97474
83672
48271
87053
2123
82473
90619
10793
65958
57077
50254
74834
13625
29133
23675
984
51224
31377
99536
70875
32794
76855
79720
33860
83562
10994
34076
92505
21466
66537
32315
31412
76344
52433
82960
19247
26948
80086
435
79580
8788
71630
4208
39396
49305
39699
13677
23647
30531
46054
62437
58351
65812
21808
63986
76973
78928
84728
35593
40614
31535
10128
84516
62791
61718
40396
37594
53016
4006
2535
10215
93045
29552
79903
30924
82130
37123
64632
54763
23774
71008
88600
1819
80747
26143
45417
90575
31912
71388
71880
53699
75787
99848
34458
51785
44421
91370
47632
48454
62082
68760
45633
83243
57707
16509
55524
42190
85473
79499
15167
37705
65927
54848
74740
16
18844
65943
84320
9039
61378
15798
18238
19958
24640
43863
46381
31716
63453
81573
36544
51710
54287
71676
30754
66388
87732
23901
19431
52689
88188
44880
29672
6242
47048
87889
14744
34275
87302
51950
59696
53434
94200
20487
64575
58420
80431
65008
22352
91241
66505
1574
790
62857
79340
25001
36885
39125
10173
9736
81722
1749
20551
91814
82222
72666
61422
62215
49605
16528
97159
8735
44657
81589
42985
98113
43791
58886
88131
82516
98516
13049
71612
36089
6195
70356
80256
61656
65724
73386
78499
36761
80788
59999
94466
48406
28252
68664
93129
73657
42343
33374
32091
28971
95039
69119
70314
53491
55539
52849
66793
78708
35492
56294
13534
52200
70827
63924
82956
20131
95669
50992
40274
64542
69768
9918
22431
2555
53484
23033
57891
51592
76355
9158
82714
43013
96288
10961
52751
15689
32634
76028
87964
90919
18203
43589
19071
49047
48471
16024
24956
52193
20304
74465
36974
78266
12210
85105
12859
60115
98704
67816
56404
18153
54236
89272
12076
13217
65054
68961
93206
84514
71242
9608
64471
81748
79758
13866
58770
63084
84563
38983
60824
8758
77567
4595
70313
88781
96554
19412
65994
2446
48678
32507
89799
71917
13683
84135
29355
69735
12900
80576
36787
39739
53035
53769
96183
52410
67628
38007
17371
8426
38541
17647
18577
76131
91842
17518
47613
48942
47313
48390
49922
8806
57517
61792
76997
51747
68420
51591
40010
49146
68640
20391
70785
31905
88080
55929
35190
14747
86378
2376
34161
20536
88941
53370
30876
78679
31279
85702
42045
87056
10478
41526
50555
5023
4482
51321
96426
90941
4161
4488
4268
72383
68925
82440
72072
58052
70747
44071
15502
76258
343
91201
449
16232
96241
39465
11184
57586
86909
91000
31332
73783
92190
68375
66383
99450
56545
92533
3994
30251
70669
92117
48216
86238
1716
29611
25104
14658
32509
43147
38591
72702
68152
50840
72075
33327
11847
28586
78976
37273
83398
7053
98721
75438
2543
10358
75169
78014
38283
75086
15852
1726
51634
11561
8325
34406
80356
73281
91253
42473
86503
27572
13955
77164
53794
98099
51477
50612
69517
64973
92198
80763
65068
31780
62856
30281
24023
74838
66831
4976
35490
33922
58179
86710
96539
54509
29330
13889
71846
92390
90820
29867
33032
75782
6707
32331
42023
52888
81029
38321
61697
36314
3694
17210
59108
94207
15868
97038
18399
27061
35184
7423
55556
91016
70344
72382
32776
49688
29318
36355
42874
22024
9861
84026
75735
37341
96867
52688
13058
66956
87980
29154
44376
37037
14771
77048
10235
8378
16050
34553
66324
11520
25076
97709
10280
56690
74848
48093
47766
98054
73927
7151
70020
18632
84434
60881
28824
59422
30705
53685
3071
94441
6438
10631
34906
5161
46490
5790
60983
50870
14550
34656
82215
13063
26641
82970
44012
55380
75376
61562
64724
4037
28168
96993
21444
55147
15526
42353
4688
91042
92092
90243
85026
45662
98148
49214
33853
79911
46506
17590
41139
79892
71540
42197
10386
60709
95806
59746
94972
82770
74957
40199
99557
35831
99534
43908
44583
81680
23980
76559
18559
30187
66694
29776
31044
58927
43836
90705
92553
63810
69232
73346
85611
96609
95827
37445
96670
97283
66356
88783
91996
41404
32207
33924
45470
43967
32710
45311
46687
18670
84816
73091
84036
94772
12710
64074
39840
72481
85911
49827
84116
43371
71734
25930
55384
7321
74124
49738
10231
79555
16090
77445
84603
78717
36152
27731
42334
68846
38827
75686
12366
96711
53284
29829
454
96102
87045
68849
87216
4738
34849
15268
61708
12326
27249
43787
68091
37734
24436
10899
53227
7297
49889
30331
53243
25689
57873
26027
40351
11521
40451
96490
5405
98255
69227
44119
91958
59303
3388
79080
86219
44594
86589
41190
99234
46802
64091
63557
85533
78464
50505
62493
54832
78084
88737
62432
2274
80830
81153
35437
60142
78243
80973
73046
64970
8992
64775
87929
58328
21024
57054
33066
78744
7251
42520
97535
15920
95968
63523
28510
22260
54782
45069
21495
36781
85395
27595
49080
992
20250
30073
28995
72465
24831
97154
8916
2657
58957
19493
79540
51170
47317
41767
17473
21485
17797
8695
67957
12464
21659
43771
82892
68660
70028
4560
75097
6917
34569
64186
52833
1696
72764
129
28437
72356
56878
51799
60652
62420
81883
699
35026
48313
87123
9201
48659
67461
17925
60200
69891
49826
77958
65905
92421
43860
83432
56805
43721
68154
55711
1100
76651
65379
50299
58437
35498
31115
48710
20793
63722
65689
93401
17496
45067
79252
87718
58825
31972
53224
80025
66697
89744
38979
26914
74386
36913
81611
45342
80183
74164
76361
18528
65316
47491
48026
79183
63672
36397
69324
82039
34407
28488
6220
74602
12031
5313
43858
94326
58081
2916
97692
29817
20232
64087
5051
35965
63777
91862
67717
29177
12524
44658
89668
97783
7843
97261
60745
72150
34332
3163
26942
16335
50854
18448
18063
91167
74832
17867
35896
11700
38032
16453
92442
47352
43051
35761
27819
83491
76960
5295
43036
68451
63784
25324
48379
50330
60700
61764
80286
85506
58941
48685
47774
85073
17811
78019
70263
45664
19351
5806
15656
12010
70349
44066
74927
83548
39648
87291
525
91025
19690
23801
18030
34950
44981
33825
30324
43946
75057
55441
83747
95104
51743
21755
44652
94537
21690
2512
85344
76598
62777
41268
83753
79535
5565
23140
71579
86604
2242
84262
63
43210
60538
70148
54437
91714
43960
22713
40900
60376
85913
17533
77485
15441
59921
21016
22395
1681
63257
71447
65776
33663
46920
54156
58395
82820
31190
26048
23657
78975
6773
38637
52082
54558
36058
85122
55523
52496
58824
96588
64012
34682
60054
3913
91507
41109
56246
85029
54396
9579
21175
75801
65160
19371
50993
87334
59385
69176
23589
67862
27939
93339
85719
33870
44511
4795
63306
491
19955
23953
99365
3961
11833
66555
10067
74206
83460
96322
97176
22208
34204
277
84922
11549
12682
2324
47034
42215
13668
85424
90387
48048
11008
23178
24617
97378
29609
98159
7813
96403
57291
54601
39859
30428
80703
95181
70854
46989
58968
35165
50216
95768
56261
84097
22876
82840
87457
87840
12731
21953
18280
9657
11027
31267
30590
55467
31126
19848
63211
14558
34125
60009
55426
14790
19349
89625
11093
71130
16932
79567
85072
28637
2749
42354
79762
69157
33565
40184
24518
93050
38994
20421
73588
34636
59536
28856
34626
75117
18400
23086
92139
53003
33907
89662
18594
72234
41928
61703
98645
93982
94130
77770
16976
98118
99964
27097
53161
52755
9489
46150
87752
72838
33391
6625
13826
97676
8441
98658
56908
2528
81899
85323
62690
94428
88840
30574
68959
73165
49236
92830
21588
32926
34543
49310
98510
21374
11294
43298
12959
79144
84189
5605
92949
77797
93649
12440
40896
89905
17807
82426
47842
86695
4266
89528
65115
34778
65004
19003
19586
8436
53442
44473
84761
6992
54391
93896
66755
97540
43362
89400
89451
59940
43294
99751
74706
66262
98534
20103
21920
22620
41670
14453
93434
19709
84934
40027
30101
54208
29514
57270
41724
98248
27195
12992
99333
72487
70189
62886
12597
6326
39867
52973
88317
19734
37318
75223
7309
62303
68549
57384
47721
71168
83661
13970
59655
19097
51178
21493
83649
65822
36866
35325
79759
83997
8048
32112
95829
56457
18669
39294
11748
11678
23139
63148
94153
99846
43600
74285
17189
91545
45877
69879
78238
89399
68899
65469
46391
92743
47847
32392
31964
37355
65884
42752
75607
541
45416
77271
42331
98039
4009
80808
76463
20942
67904
43555
18467
57310
82179
29221
44660
89654
86240
61858
69434
53307
54873
79173
40275
55948
90519
41124
37680
99977
94912
66598
70848
27151
91198
56255
2618
85929
64444
12138
11845
38326
64936
29086
56924
24388
80260
49108
99065
46940
7289
27867
75938
38556
30742
40830
40735
81382
59626
88515
78246
85948
91475
73893
29993
9483
81764
427
67083
70537
61372
70728
55077
55978
73727
32921
68918
75195
23391
67544
81951
15085
1724
65686
11669
46746
85572
85594
90286
72690
39677
85876
24046
51463
34364
92734
58875
31718
27093
18836
47737
5898
90445
13250
56560
10626
86177
38532
2800
89436
45596
24110
69066
4807
81917
70371
44767
91408
36084
51738
29947
2573
27998
63708
88942
13731
20810
17281
6136
75514
75348
32265
69889
77810
55419
16161
15182
1307
91539
86058
31416
20946
57012
40306
83469
30068
11824
16765
39131
43175
5877
15754
46754
94975
99071
56035
33079
52286
96081
96566
1534
20591
57474
63058
62918
68674
29628
35982
49058
17485
9300
33980
40332
26274
25077
40144
70339
76099
21621
68555
67886
72168
56578
6580
93774
82147
88972
74633
85149
89285
89764
42727
31493
65545
97942
59604
40910
29980
18080
8615
74721
28208
98820
34771
62515
42750
57859
78763
33939
98540
81958
10328
9212
25524
29960
65968
76014
71264
30609
63887
72816
50085
58123
14922
32815
76868
64151
57776
38654
35497
70821
6619
57969
69249
57553
62692
72913
20154
87774
38208
54525
81893
76774
67196
76141
6502
9451
4071
40009
51962
71697
79530
52631
30645
63581
82196
76910
34415
10113
60201
34170
58435
29271
73468
91211
68819
56142
40430
34192
12699
89087
34375
41685
43896
23622
63530
45010
57608
21928
92744
59569
20241
47882
5449
38986
29627
55151
71952
4681
96793
34515
48291
46959
79847
89425
5422
85718
15300
7886
32675
9757
65581
3827
58594
30572
25707
35439
79149
97976
55950
17550
27014
48822
53017
63433
80091
4860
18165
12613
61828
45754
40463
13438
64468
68120
55724
90385
49145
23384
12819
51154
75395
99636
8662
38924
80157
61881
60178
4055
43162
11666
68162
93027
96757
1353
76577
76864
42309
79744
79503
62138
17523
92069
55171
28812
87128
43352
90160
30107
43679
89165
85377
41742
54929
88834
36981
32602
65214
87578
40048
72580
83380
14343
72817
15464
8857
2151
99236
12114
2585
37050
86564
85385
74020
62144
26423
41053
23897
82431
3921
29083
10083
43830
31164
31528
25079
29339
70967
10432
12509
39602
32418
28797
97056
16984
24561
41240
8759
72416
43339
15793
11173
79987
9741
43137
94610
39167
87721
60423
35078
13065
17067
97042
87768
70007
54510
6376
40575
19422
36611
66580
39343
97810
55251
76478
70109
56923
67363
85811
77674
17314
97228
60491
70577
16653
74839
93125
27020
47294
54923
68455
9278
16688
15007
52300
39268
90870
56605
43098
33917
44931
61988
85308
95906
39556
53129
98387
44937
16008
93032
67348
56843
62411
50844
5254
33378
16373
57342
27802
70188
78412
78751
74026
11323
74773
82640
97600
39988
4143
47151
39288
56136
37437
51409
93711
55275
80715
37828
91033
71201
20053
31473
77060
58043
4444
8881
95169
30940
44358
17206
59774
67769
37813
91342
12780
56344
26836
5540
91461
67304
38987
78974
313
15948
50676
232
74477
60798
33049
92146
41192
26966
71961
51760
8585
18478
33493
79221
68569
87596
28739
60690
21086
39259
15876
51568
58537
76070
92727
35499
33632
66075
9557
35508
58280
65027
84805
20390
81344
14791
28432
90493
2652
8038
75531
68734
95773
79294
84741
64453
18531
73669
43725
26992
83532
82850
84024
69661
87844
22082
24485
37652
4180
83968
54632
33739
26225
27298
26296
9043
45661
42399
5029
49793
1119
9854
29850
4539
33816
87816
23155
13039
61410
35906
55740
57082
69476
66419
49775
63042
95074
98730
82266
71625
43483
11092
20399
54551
98332
70214
56215
94862
88691
15235
74739
61538
47837
4555
15765
63401
46931
31038
59567
61592
45994
38791
17001
6094
36081
77334
96991
24417
35968
74247
20509
70799
52559
16189
6721
91213
49346
82457
38364
60277
11909
43840
43643
72347
35442
67715
38610
17344
39715
49445
40553
86633
33454
26638
99058
91743
3633
30906
32183
70659
64346
78241
46946
53808
80588
89563
52589
55032
93883
43274
53305
92323
61863
9643
41628
54088
20913
64708
13126
381
5919
62126
5909
2111
20716
36494
15400
14766
99592
76979
42268
98585
98305
23198
91339
84299
42810
38985
44585
53101
34897
44091
22727
49572
12736
95407
98556
55456
67755
84770
53180
39781
39390
22359
68780
7604
63941
60057
67500
9556
77494
65033
59712
12327
48358
33923
36272
66734
3975
40785
83872
73673
19216
66682
49759
12752
21528
16963
53691
26144
53400
62823
53296
6496
77630
9180
82425
32844
10281
90111
99714
37976
47648
96014
24887
69829
30070
12754
64015
21967
75096
56575
74753
74053
36196
56266
92649
63093
87603
95896
49880
40485
39215
13888
1018
17969
33280
16218
88178
16003
44885
23948
64032
38232
79435
90923
81856
24325
70883
59550
31672
12086
30926
35086
87986
94449
38467
65992
23604
57734
35901
6064
10398
59514
63798
18113
27497
58934
51717
10449
39008
57290
68466
23202
57513
58342
66896
4214
54981
19139
96308
8568
19956
85357
25780
30863
80575
15953
85294
61823
86122
26810
98174
16851
82079
63714
93178
8507
27928
92408
76357
40096
62975
15349
46627
94574
63142
54766
13407
18642
57541
78820
46469
6158
63590
41777
33441
81068
84403
36171
9750
76494
89701
83010
70802
56510
27554
18845
9065
69181
11798
75462
97150
63763
71273
15224
49422
66446
95028
81584
97725
48901
38826
27118
84130
88223
91470
10294
23214
52854
64054
74931
9208
53935
25891
15358
44142
92232
36380
54407
5822
44390
69594
44280
20213
61923
6892
74078
78189
36118
20721
85160
34013
27973
35637
20313
48768
76364
9777
11526
3648
52919
83828
35424
78888
62510
33455
3151
2076
75350
98394
144
70601
90926
31827
17504
54727
47553
11664
14751
10455
90398
25330
55445
55493
23711
45077
93341
378
64450
44044
25732
31466
93704
60179
62196
64176
58803
98008
20477
15301
38858
3550
37394
57260
50661
28956
37600
30719
62207
20569
70866
8816
22676
9636
87694
48006
10782
65298
38540
22750
23055
35932
3531
44238
6096
8465
80823
62978
99655
76505
32848
41842
82318
83324
46700
41530
70271
27103
21985
98262
42921
44735
44287
51540
55294
37659
68740
30247
78627
22976
56926
44737
11393
65606
70091
4380
90722
84484
96052
42895
40468
72476
33505
34232
85331
71411
93778
84404
38937
79052
42198
98887
58640
10112
6644
36637
8729
68901
21793
32518
94461
71452
45040
4814
5053
83525
59329
21309
45213
92084
23295
58583
38971
87582
62237
24059
22660
42481
28228
21176
78792
47773
29903
45466
61261
23435
47024
27764
3506
82754
52884
3304
81761
34289
96021
75943
12343
56018
31735
26239
27933
88442
63287
30057
88593
67061
6329
95683
17911
4708
98567
86107
96271
94797
67529
10812
15040
7597
54489
82981
98931
58939
16416
11432
60716
98238
53359
97713
97555
55250
66285
67882
93587
68687
34800
51959
98770
94935
67286
26943
85562
40862
56140
90167
63730
6046
70911
785
98570
90582
16431
2926
78141
87880
96594
39745
51721
80436
52853
3132
93274
55842
84100
29184
15838
66334
44204
75549
29170
35925
84945
5101
35058
79195
42491
80965
92026
62259
19779
63657
24971
78053
88646
20549
57357
19826
62795
74534
67485
2086
37144
59209
46184
56382
60617
97387
71040
78001
11360
52991
22643
82356
55998
44814
93811
91895
50284
95649
33764
39441
58645
42393
52007
25182
13911
38016
63917
70990
65493
20015
57035
50578
11719
93659
34620
61204
51531
85194
20649
63146
66256
27281
70884
50845
844
1360
76144
94364
92112
96902
1413
14779
94527
71428
80167
73356
32723
54529
96565
80891
88603
17505
56511
50211
48990
58597
59694
30613
41621
10188
41648
77091
55701
18116
4233
78031
48141
33717
59193
52495
50997
57411
88747
96397
36275
9594
7278
30670
35636
77816
37685
41295
88937
18674
36098
57003
74089
23661
10241
14929
30865
58302
92392
57072
97189
14421
35604
30768
19423
22723
544
16748
96113
26389
95124
93419
61223
42987
12201
22459
47162
61331
44070
31698
80069
13772
3557
6925
94138
19100
64705
26446
91821
2677
36265
2243
30297
27114
29852
20363
30009
54890
38877
69559
79084
67241
53191
73734
51226
52898
34537
20754
4962
22261
65337
30637
48064
37013
33117
61090
32824
30529
55951
35465
85231
17030
62651
34532
99116
94144
5693
43563
35389
59441
4427
48546
85256
63387
24707
94184
55611
55918
68515
3372
65835
79541
90693
7063
16707
53157
2328
41805
87450
13838
50671
81886
82343
95275
18081
77213
73739
40155
38910
7941
8410
41497
47005
92922
97330
76142
63744
88322
3835
39026
15338
73755
38509
75675
91633
92016
54425
78150
53092
48840
70964
32655
60524
24552
75520
94795
95280
17985
88429
45216
31977
2045
17857
28519
26135
76159
73802
85463
1862
15101
49597
9191
46335
28656
38028
70236
35260
23330
94977
73769
6996
63251
6332
56741
56407
29029
95507
31430
30904
18309
19407
54093
268
85973
7883
26863
98401
99041
42538
14467
6947
73786
65852
88704
5139
29454
20310
11478
44689
13447
27172
56922
24441
16895
89256
96000
14802
51833
60421
35073
88623
78950
5401
94053
83117
16680
35369
7864
77228
29489
24603
58132
87312
28569
21166
4259
98544
52134
99541
46133
73919
5918
2759
56197
23531
90937
3175
21475
63360
36813
10944
27535
71819
67724
1568
66553
70100
51846
50139
6647
75713
39455
13434
67355
46584
70184
46899
32953
46561
40041
79881
39586
7198
55329
84009
69368
49586
97036
76771
79676
90730
5107
46888
64106
642
53783
65550
55881
1375
74244
33048
58813
68231
46583
21085
40143
4193
11203
2696
50664
37443
24220
5821
39174
24574
14396
14828
49683
61339
17640
97940
64025
5738
44514
88002
44484
54693
83826
82309
41644
48338
34478
82398
6639
4640
2504
2197
11405
75485
22670
12942
14481
26574
14869
60457
20324
83157
94106
80373
96869
34577
53809
21911
49923
99681
61540
73845
46278
39756
35120
4831
29539
98977
17535
82521
57597
45327
64460
86579
71809
78746
58185
52881
593
72627
84999
55262
85714
21001
80277
82976
58466
71823
48294
6345
32559
68200
32984
72477
96358
30306
96579
22903
66859
34710
1682
29037
35195
78633
96551
81539
19005
49159
17413
2615
16788
30845
7800
85222
63817
96996
63460
21030
44586
23215
73849
14113
13951
50558
79750
91056
53598
88921
76326
72172
68851
99707
55357
9700
63376
94894
88232
71820
49739
53268
83287
96231
10321
16379
5126
94481
5396
63571
3383
21055
88617
51395
18681
78943
36708
58919
35115
17521
64324
55412
70196
15990
41484
7520
29801
80612
89909
1743
28332
74266
62373
60458
59001
6013
81833
66078
48663
77281
55925
44904
67067
18001
89230
63472
45663
8057
59760
76207
88199
67240
71916
69446
1504
10588
13354
1073
19682
42333
75218
45209
55910
92033
81747
26392
25977
60480
25641
82514
464
61869
33031
74529
36624
59901
77681
15935
73056
11540
6338
466
32573
92029
33914
85114
88075
62901
88955
58049
64931
6451
85837
27970
12111
66390
92024
45063
58281
20019
8799
29580
8016
44148
9683
32887
83891
19129
57473
11482
53886
75030
9220
8035
19739
77549
34291
94149
96995
51579
64384
53526
18012
20568
97775
62771
9881
69752
64050
82255
36280
8017
20874
97771
27409
95882
71256
99372
89215
5080
82208
19434
973
62647
59534
82757
10908
39035
24129
73257
12071
58661
63373
72591
7298
33393
15592
72571
50304
78629
24758
78851
52804
59138
40169
73305
3578
3941
51911
16125
70489
60815
3173
21188
8074
15373
39502
86134
59751
5975
9548
56478
7195
59374
78106
84084
56334
59165
19935
86270
63835
35824
53911
53143
93006
37000
22284
54226
88904
54739
70500
40769
74248
99197
70860
27568
79682
29474
61416
84784
71049
8826
49094
41254
24156
89145
6319
9383
55664
78865
63594
31379
73719
94970
31287
44991
10464
13385
73077
41924
73291
51947
73833
79974
55709
78784
258
78481
20632
15875
22864
59248
23128
88382
31875
94643
29292
48991
72577
86605
80030
71100
34280
12798
12490
35008
35374
35133
89533
73089
91629
63383
37798
62646
44668
85335
30921
64388
12532
64196
49918
51593
14770
73137
56759
16491
41129
50889
23636
72222
90538
6466
28563
16274
92133
85518
56169
15993
16503
63191
61925
29135
14076
22758
17005
87970
25595
69213
24702
193
59744
81293
72640
69738
94300
25343
44
63496
42677
54163
16761
87082
41862
26965
36799
67911
96210
20026
55440
47914
56589
99852
24344
15705
26133
51796
93191
4623
51536
69029
41651
93465
83350
35507
22587
43898
60106
94384
60917
63540
15436
47742
80243
84446
51020
45128
88731
20414
60188
51133
4168
21183
63883
37833
67294
62717
74701
63038
16746
25379
37524
24241
78903
22682
80609
63447
80080
14273
49251
61401
51237
83930
45961
82663
77914
69978
29307
60768
4705
86256
47472
88516
92256
93989
9068
22792
66363
12417
67166
63575
59802
54039
99505
10050
30427
13023
2686
5327
5734
70250
53667
35405
7857
35701
10069
75288
52512
14359
80544
57484
70128
27883
547
3906
67838
48176
45037
30927
68205
83793
60172
48086
61479
87640
285
78025
48754
7410
62464
31035
62344
12357
36055
26977
54084
64809
19797
86185
79393
89648
1158
43601
80579
12317
55215
47524
10071
11573
91319
89343
8839
53858
32001
91989
10193
10987
81568
52699
66203
22506
88574
50682
29242
83682
78295
66441
21383
39430
2773
30129
5564
47180
26200
52434
94105
80098
53603
39942
9550
80906
65953
11180
76290
90627
30889
74591
72205
43751
54430
94820
50095
10941
28158
1528
14672
20272
50524
13495
5155
86233
74708
99660
67929
4118
50999
59392
24517
82080
78582
25735
62118
70539
42583
87542
56540
50675
88395
73994
35446
26757
44708
78336
11595
44949
83985
98994
36621
45928
17506
66312
42502
70174
36721
4883
79415
66076
44893
49261
52390
19464
26321
21112
7478
56699
6593
3093
57309
36623
41816
30563
3075
29495
29434
55355
56330
46467
52536
45659
69862
23805
41643
32825
89620
12894
74334
21798
59794
66293
31606
82450
43680
70043
85088
47345
76665
72059
2703
96608
12633
51537
9965
92204
23943
70876
56586
95579
36690
4284
26679
82041
332
97625
21099
46565
48650
26061
48732
51111
74612
45315
34059
37794
58061
49746
33203
26087
2560
41482
51205
35685
95903
55769
72447
29802
87503
29198
32531
7218
14082
24621
92090
98992
67390
72989
11681
60660
56892
84191
85684
2257
98782
59330
16190
26408
96773
44470
36313
90955
1804
92663
48158
13788
68721
67918
2189
58799
38898
14132
62596
59037
80406
24468
4969
44177
82251
21701
90555
61927
49525
34725
55180
41337
98323
77309
82905
49812
69631
86677
32765
80978
83456
27100
88323
96299
64814
81591
33818
48928
53251
11083
54224
16583
1182
11120
29509
11943
53468
43939
9473
40829
26592
86292
67062
69207
38039
72422
80620
22175
44244
90209
66108
70067
47926
13067
66865
32116
8022
16251
98868
36364
6549
87422
43418
14131
85717
45110
35992
57179
35656
61866
68160
48177
76460
44601
29166
26875
34501
86356
56201
4802
62504
7474
73245
52741
537
44838
76776
30760
93293
81090
36754
4600
37868
31805
9658
88754
99082
17409
29501
71732
73644
19469
46294
59653
1800
86207
16236
10735
25348
58961
55232
9072
93291
89421
57864
48675
41451
87494
2003
40428
71149
38378
31858
45008
59579
53430
36237
97340
7497
32170
11888
81759
67403
70114
3778
87100
30957
63499
93872
27042
81693
4551
31641
54320
35764
26355
10871
12415
65265
6272
34806
39534
79414
82362
94163
84732
96415
57504
80971
78361
55778
77317
47281
83654
94908
82761
1422
63077
57911
12585
96848
48089
11278
80411
40231
28061
47193
5473
84298
35596
30092
71249
91638
69159
23508
95172
59510
74625
19065
58590
57209
73135
40125
89623
34093
50657
37291
95009
83478
13861
68099
42938
76179
33893
74923
81602
75463
63302
2923
77146
86480
33043
27509
12649
69268
66052
33405
25779
89140
67719
84094
55744
17715
72768
3932
23035
3963
73518
24717
36259
28993
90301
6098
21943
32458
46130
8668
2888
36850
2964
9315
42749
80696
1959
55061
4885
46340
30861
62891
97161
54237
56254
20405
61963
44147
94929
88772
83365
23862
2253
89384
79285
29300
10668
33975
50160
18863
57784
52657
54838
74452
31861
17131
42513
33348
63066
72350
9204
68227
8569
52722
79107
92458
92220
67223
33504
43176
71631
37167
17432
78161
63212
28837
23056
30838
5858
20912
15883
47178
57171
30309
78512
90589
875
53894
68295
45982
45671
68727
59196
76194
89228
3302
1590
68616
93355
39037
29044
90734
95191
49008
10506
51582
33018
83169
40815
88207
1752
17097
38450
10639
91272
3984
37111
91308
92327
62258
94131
86560
37557
96319
4140
62836
33039
74273
73779
12561
85652
82223
48307
44253
34318
62972
36695
58266
3567
65948
36894
67672
91269
98584
98554
1382
18673
46972
66036
83713
64273
45119
22332
19173
30909
30782
35200
25638
78264
82142
21441
60485
71315
23860
22929
13496
99635
8479
935
27041
63016
44080
47276
86505
68122
25513
46101
74933
24198
71007
7679
70255
83297
63934
16844
94860
83035
69939
93371
20119
88757
13203
86117
55732
14882
72274
44633
66321
59188
82842
84597
25572
36439
67208
68970
7166
88916
18056
98252
96787
49947
95760
32543
68677
85005
17063
99735
74005
3430
60056
62553
18527
24610
44242
22103
41217
46070
28646
7691
17689
62815
39704
28289
59906
45541
33326
33273
90249
93452
29568
35172
44317
87940
23062
85985
79615
24078
81797
26971
4406
21010
65467
6875
31638
60825
59967
87044
52240
30102
36512
7696
61616
42398
91425
88283
84054
29022
28112
71296
40333
67750
6473
42236
96799
22248
92255
62404
41715
92100
56840
57549
11159
87259
24825
72569
53122
43450
77556
16663
85418
88243
13655
91322
6528
43930
38268
36722
82733
90266
37597
75053
31514
68485
50346
63141
61022
39800
83395
52820
24618
41616
19134
11263
17614
49908
63224
25020
42325
54622
1751
24449
60390
48831
8631
37176
22590
87340
29377
23284
23419
28727
85286
81335
7874
15671
15823
15919
9110
92211
46968
24175
22207
38435
81825
13253
57520
14188
80280
29703
85213
62963
93712
30766
94088
73791
62416
417
36875
71528
92894
463
62068
51177
24847
29455
35838
76137
66565
72745
30326
56129
9333
22404
71593
42122
99793
85740
3522
41028
60417
59605
67217
23832
96880
27449
49369
72401
88960
69832
21742
67697
55375
15873
19922
93738
38754
70471
66638
8508
35620
79290
83981
77471
71566
73015
93976
17805
8234
13634
13409
95327
72068
96843
94263
73440
58940
7038
76760
76033
18724
53513
19862
43546
19397
89613
79295
78268
91544
11839
87031
61940
70329
75573
53215
16512
67521
42512
72419
25901
18335
7596
24025
13097
53909
79012
78565
1589
20971
86772
52244
82861
85505
6330
9216
75952
61928
73835
70088
92840
33718
46289
37250
57539
12998
27663
22228
7621
3450
22377
25018
32397
70994
70605
70058
25691
47468
70832
61949
57920
28791
64370
70303
51316
86493
61767
85203
59318
58404
15787
90040
3600
72970
44451
32043
98166
86755
62988
56068
60931
62577
86482
33984
9634
15983
75683
48024
44103
60955
96465
93961
10670
52565
51087
55334
47309
45765
93137
10436
71477
93099
69325
39810
88894
7073
49157
36417
68626
79141
16925
18243
14476
46275
64329
366
73478
91231
65636
8494
8942
79304
18156
95724
24613
15784
44654
2472
75081
96188
84150
67401
5034
20982
72518
63205
83283
80699
70229
90035
46633
17362
88460
10577
33611
33848
39730
32608
8841
17156
25826
59560
34978
8894
72206
95480
63413
48848
43752
50257
87054
56355
24072
64934
83255
44670
23334
97607
5887
42673
32395
7939
13874
89704
41030
29939
92742
14183
7043
18914
83323
9123
70679
2206
21802
88450
70397
69538
98812
82014
312
70495
96777
80627
60148
31829
44161
22465
61804
66415
39482
39772
65138
50653
86320
89186
76772
57340
37715
10498
86777
18653
4679
15156
52679
80895
97326
52342
81296
1036
58105
360
34764
57273
42830
77612
76419
27829
56356
83474
7181
36650
83685
20575
33319
88277
93146
61530
28946
53002
72373
74407
69993
79804
91012
38628
75847
41536
79831
86931
72008
81376
25694
11105
23002
77580
57463
42442
86901
61695
22038
94844
14136
74188
29650
92382
389
51980
80538
59410
84705
26009
64299
33819
39421
81126
30892
48649
27199
28846
10409
4536
1558
29259
98808
51815
33532
42736
91091
34924
71012
23954
38894
52462
4834
28008
33798
31163
18687
46153
44945
53440
57740
93574
81739
96953
13855
26217
53217
47896
52904
23930
34672
18964
65106
76965
4202
9384
89277
9598
71099
55210
67222
44045
39731
9819
44410
66195
33289
55040
91498
5320
81999
83241
18873
62869
756
78701
22122
15399
28348
88444
61351
3569
43488
36101
10799
68590
37340
97736
10682
8150
95577
91104
3967
70718
88009
26591
42578
2515
14447
72132
71911
64795
1371
68521
92671
42932
22529
26041
86208
14073
54017
41104
78422
40402
17118
30937
46629
63773
71989
50876
86160
92338
41152
43254
61221
44653
1051
90486
96141
57326
92495
26151
49486
56073
72333
96948
99127
45585
31361
8413
67446
22520
89114
62802
14542
77941
14663
35514
79848
54897
53564
34130
43031
3299
43874
59903
76892
46845
30600
31969
76473
14340
65343
68790
56365
66056
11793
32870
34757
24647
35734
67635
23475
63919
78489
81317
72462
57861
80476
85369
91513
79137
23996
1443
41606
87885
78967
58601
84063
52875
87129
97165
14956
41915
24845
52228
65267
72923
64170
30433
3492
91050
40246
29174
1031
31371
68303
77151
46987
37801
60361
92113
45924
21087
76285
88539
92189
69505
40666
79553
37147
80057
49608
85413
81569
10679
84120
59194
941
87684
12160
19103
47864
63403
23608
80568
21200
65443
80953
4820
45355
5380
56047
45948
93407
79651
66846
86093
38999
68726
74396
81702
13681
58213
23834
88952
80714
25854
84245
15471
2006
7619
14236
32572
57779
21106
23745
79811
74231
10916
82171
69666
25290
76323
47195
1648
99452
58603
17513
48140
57066
79497
402
69589
90636
80396
97814
84677
8403
19728
44375
4174
30022
91111
19575
70783
76518
45502
87272
56045
81749
59864
93516
92097
71868
39373
34136
43127
82178
29094
20753
43724
10827
35534
52450
6412
89508
88276
90448
50466
16017
74716
61735
20077
81979
2392
14065
1865
47384
11020
71977
33230
39451
73185
34227
95739
71311
32840
94617
20631
10025
12163
98077
85691
69488
2106
38183
63168
61207
28078
73334
83494
58023
53655
66500
59220
26148
72085
46814
12872
82108
38168
99648
77236
48944
6448
37194
6729
74004
66582
63123
14373
65684
31495
13358
55789
18046
25910
82700
73403
18036
87321
91017
3026
77344
54441
69893
1638
49897
27386
39627
84838
7626
38756
9809
34591
37084
48147
54381
79307
17987
53398
15423
3813
67741
69242
86342
3127
76128
22407
47133
78005
59101
89378
45780
12616
2553
75213
32703
2281
76556
25183
84493
156
14016
21625
95213
12493
62168
301
94497
60419
58636
54898
43910
40676
46706
50808
99479
64990
90273
21959
84347
77984
64295
57435
59846
40322
96570
78218
4752
9459
41590
78392
25046
2195
67038
57515
91933
30672
73951
19180
64916
47386
39464
54502
61352
20708
13910
88263
18847
78700
54934
40406
2424
90198
38129
92085
99595
98364
15339
32490
74169
13057
3958
34667
27561
46426
73787
99319
40353
38502
98214
80018
23197
26685
64851
67682
29027
29471
76234
25547
43691
96209
1126
41340
39815
94246
18311
33758
90756
69464
98616
75987
85644
34722
22258
17331
1435
82276
51780
30490
5480
90668
58956
15163
83358
63469
37061
50017
38919
7911
43755
10407
41169
37528
51352
37963
36205
25567
83585
45097
23649
81592
21003
41733
47023
3427
61973
46663
19219
28267
56723
23081
28591
17116
85831
26045
87793
80936
84307
81454
85780
40578
65491
7630
77021
47109
83037
63525
36080
97182
1425
56937
54978
15193
49222
53299
40879
80563
67841
21387
22287
18536
24060
37210
13582
36701
92860
75004
36083
63378
37873
41354
61316
14912
20171
7792
22280
61646
50688
68759
27107
23502
33812
85559
23323
50890
34859
53780
93610
48122
33500
25494
86004
23802
37957
38902
40622
26285
44578
75523
1479
16493
20985
59262
30017
30808
36664
4776
75041
38769
35289
86355
39883
62729
81010
63974
58898
59839
39945
91367
45347
36517
81389
51010
70059
65879
82380
29596
33796
89989
65846
4916
96281
72758
41849
13778
78037
94560
94164
54020
91466
36724
48280
85824
52102
19334
46246
90495
58576
35233
56577
46196
73372
93766
69953
32871
55448
77456
67847
35653
62352
89707
36489
50145
64348
3384
31611
20033
429
65925
24006
71206
68345
90851
17306
76993
65753
79196
20264
86412
90826
30537
90038
78432
75640
30172
85025
38229
90503
75179
33235
51161
25096
80378
41179
99843
84222
40561
46992
31930
99620
37049
86536
88728
42126
33093
66296
24116
33450
79741
52934
86790
13096
2170
61654
76348
81416
85749
80188
4184
12453
66781
92606
581
52124
82753
43308
38459
45591
93233
32823
39837
59393
43619
1771
88153
88667
90482
98380
82000
18784
28818
95094
61210
37997
10582
17889
76249
30977
68179
90028
91159
14589
14726
82292
59564
34033
27361
96066
10382
80835
25701
93457
70662
86687
90014
61729
30530
34271
13666
45046
81989
57975
24812
93905
47839
18329
38093
63560
46186
19320
92968
3695
9077
14608
33136
93500
61892
57146
45690
5690
98661
74211
53162
37518
83263
61694
10552
27786
68855
36107
51334
67894
18201
78634
91138
58470
42587
89091
28421
86137
27387
54793
24863
59395
6562
79038
98187
77384
37258
99890
48750
1383
23987
48712
57801
22256
90317
76352
15196
88913
97638
84076
62890
31592
11988
14126
67677
21254
21414
898
7334
18716
482
54905
85404
80572
44094
24376
35533
11287
5801
38810
54614
48412
12582
14487
9049
17163
23217
34221
22319
53838
75216
84169
13806
36392
62915
82828
94360
25346
55507
54438
18600
33547
42817
71031
15459
13155
3866
87351
12242
29476
66849
92993
83408
25799
44351
52015
78674
39016
85318
11586
26901
1622
66549
96677
95210
13994
60259
51512
45330
3269
65876
37774
75250
52721
3290
43976
58166
25163
84633
88692
72001
87884
99179
48554
13659
72907
14286
87024
97373
78778
96193
3192
69391
21399
44725
35821
99803
41330
7361
57696
17128
96712
18427
99936
70614
25890
93529
47300
87242
19925
79798
86941
67035
29144
45898
23708
36245
9095
21770
62628
52719
94124
35506
9189
22923
59287
19640
24165
86771
4783
81261
55133
68251
46850
71701
86142
12916
75365
2167
42075
4437
49460
36960
37311
14500
29237
83009
37466
55963
8757
11515
25202
72048
42133
75134
73602
48599
20469
36577
11828
75907
93903
48227
17944
37333
34339
25131
78046
46938
38380
37154
39424
30082
73553
27419
37831
40594
78492
21903
37694
4958
11794
80622
32816
76470
19020
11886
43001
35934
96409
40482
1458
16625
85821
25371
64782
91543
91896
91472
24690
67125
76820
6415
91751
28258
90511
69558
9225
4407
70512
98593
85229
6763
87515
20027
5284
19455
62477
34075
26771
64524
95057
32093
62242
56562
58174
55397
10019
86616
23877
87907
62517
84282
32748
88135
40583
36731
31250
39333
9985
68829
72682
23653
40078
97060
21676
17357
9246
5276
31014
79460
5756
89923
81944
53290
10427
4490
99832
38446
11832
84609
67246
68612
42145
56658
28148
69583
5720
38527
71746
77486
87605
12939
14366
45115
19070
78010
12576
89072
51928
60023
9256
56678
35416
35941
69076
14094
17146
18432
33047
86436
42181
94677
33606
60676
89150
22328
81598
82073
90454
7846
25669
53047
51694
91248
43251
93897
31017
2808
98549
50488
28721
39641
89482
82329
6034
47720
167
99750
59756
36202
34159
78090
74768
6053
46909
93726
21288
1345
75511
507
44889
64603
30770
26588
36874
67772
48427
3010
27263
65976
35986
60496
15699
87902
62245
89987
26947
29007
94891
97270
38436
13474
21653
18043
67564
60053
72378
51938
77871
22011
20821
98415
50606
45788
43971
24656
63481
87712
7728
82007
77377
26278
17020
59172
26560
40434
5408
28884
25788
68210
42445
15250
8610
5054
20135
9467
91071
28678
69693
21061
98044
59709
89048
80549
80113
42305
97242
59902
96864
60633
74962
60336
83921
55125
49224
33414
67721
48893
22974
32810
30061
25639
90877
77484
81199
51245
46125
9925
96550
50123
20291
47499
6429
64521
53021
50732
99186
45250
64178
99265
81795
6866
50878
44645
71982
91414
94931
63908
62854
42794
20949
45306
29039
59520
84591
87783
61932
4535
28882
15356
71490
37189
13897
8968
46750
63311
58136
99566
62505
79717
72229
715
17217
84429
34758
63694
35529
49989
47000
67519
9998
15095
27798
47495
55177
4825
95190
7273
51663
48579
65567
71617
91653
60492
51667
22418
29099
18207
53
77075
11403
85804
8583
76154
2377
99434
853
93432
98053
48241
5324
34609
66206
72122
36412
95518
85730
63971
32835
20899
67783
10777
16824
77855
23366
49326
76003
94239
35097
11257
94759
49237
28449
4409
53399
34106
34683
99088
11992
54714
41953
48996
32726
52259
33596
51460
12182
69845
97786
61809
43134
26366
12466
17027
88006
67985
6910
53832
53048
26049
84529
57995
36408
25145
29274
15247
60839
66892
24276
76666
71780
32613
69992
74995
32744
2213
55926
79909
23093
18773
46557
13836
92601
18541
32173
93384
28218
9126
67143
66902
66622
56705
10429
83236
27696
8880
87887
64674
16766
96199
20786
38538
30420
69778
93258
17241
65384
92102
20584
71475
90068
98680
72051
21637
83506
37871
62820
92319
41211
4344
67941
50454
88473
51279
63102
87106
97497
77476
20795
50574
53581
3719
14514
53963
69123
74563
79004
71261
45929
14172
91931
64513
73736
20659
93674
226
25078
25478
7329
38276
39147
26039
40664
68696
81229
25471
25119
52792
46333
92767
5016
14462
17769
15367
19933
77757
96610
5348
96652
32834
6683
87313
74431
12930
8031
59134
11880
32087
7708
56204
39041
76947
15360
74912
43282
73840
75779
11155
41453
2359
38443
58082
83078
51872
10563
68868
93666
10841
59170
88268
6621
82437
35032
91095
27767
44027
49449
42658
61794
46512
88252
76617
79007
90559
68109
99775
79941
3634
1511
82684
5592
46132
8754
83205
30801
58613
97637
17649
38226
11017
28378
95198
5028
82099
4057
48668
99074
9821
18304
86347
58108
35277
2747
8471
47412
13328
23609
60947
86556
58277
75961
98999
24591
86509
31603
54867
15493
53550
57306
57368
59039
51915
22584
22425
52585
50928
85128
53072
34237
63676
1150
82913
57151
96433
57127
9915
26125
95459
25499
8123
36639
35959
68074
96987
38318
74141
53716
82918
22539
31336
53877
28230
66201
48837
34369
48298
19730
36199
4982
35271
69699
64171
62622
72711
73631
86184
46543
23578
24918
63367
27201
11778
5905
20454
90425
45318
13963
79883
85507
13776
1263
80449
63943
51550
81062
96839
5409
61053
95294
3723
35038
99324
76277
12347
31945
65229
92356
38600
83136
65901
49441
38340
65459
40857
3597
75173
4091
31220
78358
33598
34141
48952
47486
8639
42297
52963
37286
42465
22708
55315
4435
35229
33656
55669
20348
39044
68213
12451
8921
14699
96480
22559
95128
97756
36022
7333
14564
1248
60878
16092
32632
61384
53405
30441
42784
97054
64201
3653
22582
24127
34834
90587
93669
91087
66968
38199
16566
75388
79597
85111
35889
94707
21849
15598
6181
93509
19976
78151
33197
45818
23727
94406
37942
44840
27981
46880
70145
10633
15128
31843
50740
66569
65476
39113
11262
7432
85193
59700
75685
85397
35864
54667
24443
41161
76297
7326
84839
18857
31018
71488
97747
29982
87533
26258
32645
23724
32714
60411
65548
38159
11462
70824
8047
74579
52587
5608
98247
35300
55777
88734
18449
10347
44682
46291
46913
39031
23174
22177
46782
27986
96240
6911
90231
40780
67522
75188
32811
30310
18166
34394
95168
97738
51081
34245
98807
85399
34807
10491
25179
55970
70656
21351
1951
70485
22078
73116
6100
84547
71972
32814
1271
47025
54850
57694
80982
52831
69915
97988
95934
18757
5222
60251
28257
12325
3523
50113
94932
92835
35224
25722
72326
36949
11060
29968
69073
90275
4042
9900
1300
64182
27115
33901
1231
41637
27246
56298
1041
6636
57223
21806
99075
69716
78721
28236
23856
1543
26896
24178
8379
83448
16046
77122
72556
77079
51882
96923
54989
74294
70023
80768
78745
34586
72445
84409
31509
82651
64697
12174
96328
85830
46262
31803
70073
16666
12548
64189
64225
8868
82980
98487
31008
42646
77570
52969
50499
58592
75911
13357
4745
11165
92898
68650
59558
69175
31454
37889
69605
71246
51926
12209
23032
39521
34217
4712
79321
46553
12252
87871
71900
38872
78235
53061
91125
4604
25149
74647
81708
37467
91667
1429
30152
15318
70597
28876
14584
11625
44501
87958
6362
99783
91665
82210
35338
40963
96951
96174
71967
96121
95006
84417
29826
53087
89497
91887
1331
37660
24883
86197
93687
19765
93161
95573
56980
86991
22091
6215
34766
25110
58620
36878
96377
16827
97969
69492
87243
67633
2736
93602
56737
5300
52870
17230
43808
47917
62217
79538
51841
69131
69390
91395
41276
797
40724
16343
20944
10307
91506
65626
65268
50021
9802
10310
582
47680
67695
44013
39085
50706
74969
30386
24893
86263
24670
60895
83610
94928
83936
87801
85260
68188
38807
32998
96010
51647
98122
71131
62211
81292
38096
10544
17670
73656
27031
21664
20452
90524
13373
34248
55114
79469
4856
55062
42775
94569
26482
12759
85420
24938
69212
34454
52970
74109
59914
55954
75302
97742
32130
57176
91379
10611
56494
35194
94951
85422
84596
76612
47636
56117
5435
42845
57393
9429
29056
31731
7453
5158
86352
14957
95634
18573
78114
92101
66280
58482
14363
67703
81534
48092
23706
38060
74031
44535
17279
51866
70479
51070
2722
38977
1652
87746
66524
8632
61354
72244
92099
74668
46596
20877
96346
17006
45560
62649
43113
25191
26625
76088
67251
58567
41829
58704
46039
14316
63477
47727
43481
96211
34233
80422
51946
36151
39743
45232
41697
39613
84185
53264
21265
28630
92513
56824
7821
88337
39893
26645
2795
16711
24547
2270
97037
20845
23138
37737
29823
67411
18690
95901
90986
19297
1376
15827
11751
10057
66477
3718
39195
69458
72534
83298
64763
36744
34123
25708
67230
23970
25527
80846
33541
34239
77300
41177
1970
84008
50792
97835
24445
96047
35109
7007
76257
26990
53776
61631
14045
24995
85459
39632
76974
22533
27284
36436
67453
65176
50842
68065
26812
7896
71144
4768
68051
67163
67415
85502
48279
27825
89353
6951
47477
93023
33139
38900
53499
26494
62779
58516
29806
68917
38523
6699
34146
18287
16283
92578
28062
8124
62726
98192
83293
8442
99029
11556
49530
86225
70190
75115
99630
53090
1965
49318
95183
61117
96356
37440
14752
92833
37020
51173
11697
42674
92623
70509
31225
58030
95260
40701
11730
30198
80682
49934
98103
39771
85905
80390
12931
87805
54136
74694
27329
18087
42128
51876
84352
24237
34473
32804
15964
27765
55707
16591
16881
83158
62557
15149
4909
5764
13388
69230
44495
33575
71504
19116
25220
72515
34371
82856
95167
4816
88058
19396
56004
79035
74678
98010
82705
15715
84796
46454
67399
55626
67850
70777
30823
14645
42543
91807
45229
88128
75242
74315
82628
80924
16207
79215
33089
9052
67085
71094
64612
47552
68060
59777
63213
49514
33797
86007
97686
7552
34529
49367
5262
33375
60758
95090
17903
38718
31745
60862
49769
43143
60723
12589
44226
85066
16304
83555
83057
2627
70621
99141
15443
77901
87576
40307
17282
8761
12651
28835
58709
88364
20117
50213
23074
1936
5870
16830
28634
43723
58491
37188
6544
4778
89115
26650
38184
65681
69477
21700
59938
23939
87857
99753
3669
71626
88380
47578
61786
79657
57403
55861
36720
61473
78240
90890
89739
39278
62156
58521
65730
86131
27227
99208
35403
26503
2909
34060
23360
52749
25734
50146
60628
1326
38233
47623
86808
5079
61668
63426
11723
95978
46271
1657
23299
84408
3490
29430
73826
14200
78909
5458
24513
29600
91131
75198
40267
82066
77156
40284
83780
82583
84257
75005
23603
29081
98313
61625
33368
14585
11771
59257
90109
43065
74245
4097
41345
997
89016
49614
91371
40142
91911
43309
97619
99893
68995
60363
39047
38954
99258
53460
24044
18678
62108
82304
32293
82106
70165
39694
58938
47254
57437
56953
21870
7099
17009
46256
86784
95594
99430
74018
26651
10645
83147
96283
72233
57993
32172
40364
90316
27753
8043
4656
22378
24439
55289
40845
60402
43123
3476
84497
35673
70001
71103
33423
44852
30239
36931
44493
27869
86839
65121
42070
14817
1469
30818
3217
7483
9726
11657
47513
67753
38126
2903
88871
62947
39713
40763
45730
40944
37465
15184
66502
23586
363
40321
11864
78640
16915
26719
72959
11175
17681
15714
96552
76553
39924
34109
95173
44222
3499
19358
84425
65109
36125
25240
162
60597
75716
6285
32653
21958
54799
21038
98538
77302
64210
10767
12177
94062
17123
93824
7470
33363
92558
21392
92013
48087
43463
43157
79705
47684
81353
29515
31458
33115
12559
96964
80041
20651
53454
20121
37456
32391
31104
9481
70989
35253
13449
46480
69727
27673
4979
36854
94823
99118
74365
84196
99504
91385
92377
1402
1611
88399
98250
48330
14553
31567
54541
67254
26056
31737
31275
45276
66517
42104
96287
47695
60912
82060
84569
80722
35799
86264
69943
80634
2744
68359
60238
91759
39179
60388
77953
87484
28007
78905
14484
66639
97451
98909
53586
23514
18264
19198
26460
88996
10032
91537
15495
80236
68046
16936
22940
11877
86965
14979
51011
23658
3297
15203
24185
79050
99820
98950
12066
93215
68460
16187
4686
6014
18486
68424
15533
75323
7395
23253
9979
81125
94016
7570
46655
15379
34110
18060
21949
91515
17174
85449
40884
67602
25912
39004
65919
22603
43888
37644
29270
40734
38336
59781
77508
15634
17481
74002
28086
87016
77535
86055
1001
73799
53273
59578
41353
75402
10945
84181
77851
79409
93523
56505
94674
74514
54557
86734
9275
41091
29173
29734
13487
32762
41779
84641
3081
60134
23524
68486
65159
44843
83652
89571
75306
73023
53619
36768
52895
91263
9091
99393
67466
33088
42031
42988
17350
26168
13546
34149
56864
83777
54715
33112
21575
77303
15909
2137
40501
19304
63491
14622
97408
87448
40236
44886
79653
33144
96072
1814
76983
68881
73238
95825
69918
59606
28850
28572
94683
55480
28979
42800
40170
45146
85179
87618
76411
80084
50593
63434
420
1816
78466
8865
84203
54924
44507
43133
88664
41539
89708
30687
64062
18786
92945
2145
79411
62137
55163
92479
78762
81227
1529
15595
36255
43243
75587
4079
30498
55592
44336
49313
9148
65256
69810
56600
59446
32545
90912
61445
6969
46183
22901
408
49136
30628
96078
21150
46376
27678
89916
85201
92625
24879
93626
35062
94195
51774
30990
94600
45685
40671
86285
15525
94427
6932
18487
95395
35346
58733
56643
68827
45826
39473
60305
2261
67059
42203
76155
71545
30064
9891
65356
34871
81142
76288
32284
15417
2506
18050
18202
43491
63253
91448
83556
66271
87506
20675
24626
31158
52739
82879
57090
29597
85497
57308
68577
95357
13823
61183
28787
69430
86463
53925
31856
64758
67930
39112
42488
83410
26883
45544
17022
75504
10104
80700
41400
40150
36024
53134
71817
33491
67386
39347
76177
23898
59483
74693
89476
45091
96058
8015
25587
40113
66633
36610
23078
58671
98028
49475
5634
11552
27198
11367
5620
87177
86954
93697
90187
49647
33777
92468
92568
15858
62599
63788
62222
76575
50904
14671
52201
33266
4390
1019
74798
45871
61605
76510
282
63284
61156
95725
58326
48328
15188
20668
77234
38291
12110
34730
19048
6040
81515
36569
25024
15134
31956
77111
76877
84151
77988
32303
40623
47824
47579
59893
82057
20039
41116
65345
23104
91566
57985
47916
66808
31714
62648
43198
18089
69264
75743
18951
18872
99641
79258
83831
9366
26906
60220
84605
36945
67057
5226
56467
52408
10839
25122
1038
46769
77833
49132
54893
33248
84787
14577
2891
316
42665
61181
76523
41838
28318
13311
94492
62613
48308
81506
13504
16423
57263
66455
8702
47704
93320
54663
69001
31076
26952
63865
50768
79385
37438
51490
94705
32995
53576
19113
4155
44681
89640
373
56553
62214
78523
89250
85724
8745
52063
96701
25863
54490
43524
98042
77315
1023
89783
88576
86424
84960
84553
7988
32660
9292
52364
11968
27596
77589
80771
10996
7924
91471
98870
65211
41636
59232
83269
32979
25464
58084
57898
65457
46581
98644
21459
21933
95872
79439
58500
35364
13529
82509
6157
59210
9793
12598
89489
92569
94834
34355
93844
44468
28794
86907
78558
75602
38905
52058
89942
65633
8208
95299
24317
65712
42498
89396
34022
21385
97104
92772
11885
72473
10448
81670
1299
56333
36540
30031
86495
78203
56714
18323
97143
18715
909
54180
44667
95192
43174
29546
89609
45816
44530
46759
73183
6370
73907
81524
50885
22141
15355
83848
80987
8724
89869
98112
11308
73219
79858
67786
57010
4321
66100
40498
49850
71904
72681
36634
28700
53085
73689
70310
68158
36345
75252
70721
86972
23556
80690
92271
33696
50210
15541
89382
99590
70416
33386
5985
69070
84681
49794
33945
63588
30611
91792
38342
2166
695
27008
32560
83658
37979
37842
39503
78301
47366
77409
49764
47872
67940
29030
6156
52885
61945
72600
647
76448
90074
4325
40609
66677
82169
66011
53333
4464
75006
30615
66103
72141
1763
458
7094
83140
22909
82227
55736
69418
40238
70426
69231
49377
32994
1440
25424
94724
62312
71655
81408
36765
11688
5274
12399
84807
74562
26379
94763
85239
80403
78626
57314
36082
70354
42676
23500
71166
10319
24287
6916
88275
62283
51248
21358
85663
90863
14860
20243
93154
24804
48808
32082
96805
34693
35258
78174
94562
5773
66275
39012
11868
13044
54872
48778
27338
70593
65808
14015
49350
55127
47098
46709
6967
71481
47664
85250
40667
20387
99282
27745
86547
99883
18103
78482
47463
16930
69502
3592
97298
86969
60033
85528
1161
94541
50550
27517
8867
69108
5744
60579
37536
48084
62177
40699
59066
19697
60544
4835
77868
24967
6666
19340
9555
91323
64405
93855
86405
12664
70836
72016
65152
86478
64902
25797
46599
54534
33734
54836
53127
27543
31040
83958
99898
58711
81402
70580
67563
52014
81023
86239
82365
81379
31457
78286
4158
15294
10518
92200
42899
41075
67536
30764
72909
89557
48577
27331
5711
20979
49488
89766
18797
58911
20535
83187
6787
19164
89964
92395
81367
59055
33582
26699
27637
37215
11221
59935
82353
79074
14631
77917
54747
31236
13177
58612
12750
70998
17122
38125
63586
44425
41167
79794
42447
24430
16692
47838
98960
81590
32011
88789
9469
28861
66952
76354
79472
25413
44346
27422
51920
86848
66961
28883
89963
83403
94262
30081
84041
23794
18966
9814
64071
27808
58284
2532
93428
33370
96413
20061
53869
99166
32495
45038
9152
37058
3183
63840
47850
48656
9463
68059
49813
40457
61464
15847
29162
50783
89211
13943
91006
72824
40148
87648
34779
70715
8678
14700
85756
67366
75919
95844
59715
60742
37776
62334
47961
47673
16323
68731
62845
33337
28919
36532
45883
77080
68944
14450
88344
23814
71852
75047
26682
43709
64773
23646
4299
92752
63053
64100
19367
7295
79006
89146
76428
83197
75088
23639
59699
48019
8665
